2000    1       1 
1000    1       1 
3000    2       1    
23      2       1
4000    3       1
4000    3       1
2000    4       1
2000    4       1
85     5       1
85     5       1
890     6       1
890     6       1
7450    7       1
745     7       1
1000    8       1
1000    8       1
1000    9       1
8765    9       1
988     10      1
988     10      1
345     11      1
3455    11      1
834    11      1
100     11      1
1000    1       2 
2000    1       2 
3000    2       2    
23      2       2
4000    3       2
4000    3       2
2000    4       2
2000    4       2
85     5       2
85     5       2
890     6       2
890     6       2
7450    7       2
745     7       2
1000    8       2
1000    8       2
1000    9       2
8765    9       2
988     10      2
988     10      2
345     11      2
3455    11      2
834    8      2
100     8      2
1000    1       3 
2000    1       3 
3000    2       3    
23      2       3
4000    3       3
4000    3       3
2000    4       3
2000    4       3
85     5       3
85     5       3
890     6       3
890     6       3
7450    7       3
745     7       3
1000    8       3
1000    8       3
1000    9       3
8765    9       3
988     10      3
988     10      3
345     11      3
3455    11      3
834    8      3
100     8      3
900     1       1
1000    1       1 
23      2       1    
23      2       1
6000    3       1
4000    3       1
7000    4       1
4000    4       1
625     5       1
825     5       1
590     6       1
390     6       1
7450    7       1
845     7       1
9000    8       1
2000    8       1
2000    9       1
4765    9       1
588     10      1
688     10      1
445     11      1
8455    11      1
2234    8      1
900     8      1
900     1       2
1000    1       2 
23      2       2    
23      2       2
6000    3       2
4000    3       2
7000    4       2
4000    4       2
625     5       2
825     5       2
590     6       2
390     6       2
7450    7       2
845     7       2
9000    8       2
2000    8       2
2000    9       2
4765    9       2
588     10      2
688     10      2
445     11      2
8455    11      2
2234    8      2
900     8      2
900     1       3
1000    1       3 
23      2       3    
23      2       3
6000    3       3
4000    3       3
7000    4       3
4000    4       3
625     5       3
825     5       3
590     6       3
390     6       3
7450    7       3
845     7       3
9000    8       3
2000    8       3
2000    9       3
4765    9       3
588     10      3
688     10      3
445     11      3
8455    11      3
2234    8      3
900     8      3
500     1       1
6000    1       1
4443    2       1 
657     2       1
5500    3       1
7500    3       1
2300    4       1
4040    4       1
85     5       1
225     5       1
390     6       1
490     6       1
5450    7       1
645     7       1
7000    8       1
8000    8       1
9000    9       1
1765    9       1
288     10      1
388     10      1
445     11      1
5455    11      1
6234    8      1
700     8      1
500     1       2
6000    1       2
4443    2       2 
657     2       2
5500    3       2
7500    3       2
2300    4       2
4040    4       2
85     5       2
225     5       2
390     6       2
490     6       2
5450    7       2
645     7       2
7000    8       2
8000    8       2
9000    9       2
1765    9       2
288     10      2
388     10      2
445     11      2
5455    11      2
6234    8      2
700     8      2
500     1       3
6000    1       3
4443    2       3 
657     2       3
5500    3       3
7500    3       3
2300    4       3
4040    4       3
85     5       3
225     5       3
390     6       3
490     6       3
5450    7       3
645     7       3
7000    8       3
8000    8       3
9000    9       3
1765    9       3
288     10      3
388     10      3
445     11      3
5455    11      3
6234    8      3
700     8      3
500     1       1
6000    1       1
4443    2       1 
657     2       1
5500    3       1
7500    3       1
2300    4       1
4040    4       1
85     5       1
225     5       1
390     6       1
490     6       1
5450    7       1
645     7       1
7000    8       1
8000    8       1
9000    9       1
1765    9       1
288     10      1
388     10      1
445     11      1
5455    11      1
6234    8      1
700     8      1
500     1       2
6000    1       2
4443    2       2 
657     2       2
5500    3       2
7500    3       2
2300    4       2
4040    4       2
85     5       2
225     5       2
390     6       2
490     6       2
5450    7       2
645     7       2
7000    8       2
8000    8       2
9000    9       2
1765    9       2
288     10      2
388     10      2
445     11      2
5455    11      2
6234    8      2
700     8      2
500     1       3
6000    1       3
4443    2       3 
657     2       3
5500    3       3
7500    3       3
2300    4       3
4040    4       3
85     5       3
225     5       3
390     6       3
490     6       3
5450    7       3
645     7       3
7000    8       3
8000    8       3
9000    9       3
1765    9       3
288     10      3
388     10      3
445     11      3
5455    11      3
6234    8      3
700     8      3